0.00000000  1.30217530  2.28835134
0.01000000  1.30071821  2.28792491
0.02000000  1.29635070  2.28663473
0.03000000  1.28908725  2.28444140
0.04000000  1.27895195  2.28127953
0.05000000  1.26597848  2.27705830
0.06000000  1.25021004  2.27166218
0.07000000  1.23169940  2.26495187
0.08000000  1.21050906  2.25676548
0.09000000  1.18671153  2.24691992
0.10000000  1.16038983  2.23521251
0.11000000  1.13163836  2.22142294
0.12000000  1.10056394  2.20531542
0.13000000  1.06728737  2.18664114
0.14000000  1.03194534  2.16514110
0.15000000  0.99469269  2.14054918
0.16000000  0.95570516  2.11259560
0.17000000  0.91518237  2.08101060
0.18000000  0.87335109  2.04552826
0.19000000  0.83046851  2.00589045
0.20000000  0.78682556  1.96185042
0.21000000  0.74274971  1.91317596
0.22000000  0.69860746  1.85965152
0.23000000  0.65480588  1.80107891
0.24000000  0.61179336  1.73727591
0.25000000  0.57005924  1.66807226
0.26000000  0.53013235  1.59330237
0.27000000  0.49257857  1.51279446
0.28000000  0.45799727  1.42635584
0.29000000  0.42701624  1.33375506
0.30000000  0.40028383  1.23470302
0.31000000  0.37845385  1.12883877
0.32000000  0.36215338  1.01573322
0.33000000  0.35191104  0.89494085
0.34000000  0.34800170  0.76615886
0.35000000  0.35014300  0.62958649
0.36000000  0.35702415  0.48652764
0.37000000  0.36591750  0.33993243
0.38000000  0.37303249  0.19402520
0.39000000  0.37481407  0.05274146
0.40000000  0.36901963  -0.08152953
0.41000000  0.35473363  -0.20785601
0.42000000  0.33187405  -0.32608411
0.43000000  0.30078079  -0.43631567
0.44000000  0.26198967  -0.53865164
0.45000000  0.21612436  -0.63310039
0.46000000  0.16384418  -0.71956575
0.47000000  0.10581436  -0.79786865
0.48000000  0.04268392  -0.86777997
0.49000000  -0.02493406  -0.92905410
0.50000000  -0.09648071  -0.98145789
0.51000000  -0.17146702  -1.02479326
0.52000000  -0.24948483  -1.05891357
0.53000000  -0.33021100  -1.08373674
0.54000000  -0.41340123  -1.09926016
0.55000000  -0.49886870  -1.10558685
0.56000000  -0.58643971  -1.10297599
0.57000000  -0.67587611  -1.09193417
0.58000000  -0.76675861  -1.07335655
0.59000000  -0.85834943  -1.04868998
0.60000000  -0.94950946  -1.02000892
0.61000000  -1.03879245  -0.98982969
0.62000000  -1.12475530  -0.96061490
0.63000000  -1.20630460  -0.93423800
0.64000000  -1.28284345  -0.91175555
0.65000000  -1.35419662  -0.89351760
0.66000000  -1.42045269  -0.87940983
0.67000000  -1.48182905  -0.86906662
0.68000000  -1.53858742  -0.86201093
0.69000000  -1.59098959  -0.85773364
0.70000000  -1.63927784  -0.85573446
0.71000000  -1.68366826  -0.85554132
0.72000000  -1.72435039  -0.85671856
0.73000000  -1.76148926  -0.85886936
0.74000000  -1.79522832  -0.86163555
0.75000000  -1.82569218  -0.86469617
0.76000000  -1.85298901  -0.86776569
0.77000000  -1.87721245  -0.87059199
0.78000000  -1.89844302  -0.87295455
0.79000000  -1.91674915  -0.87466278
0.80000000  -1.93218793  -0.87555449
0.81000000  -1.94480557  -0.87549460
0.82000000  -1.95463779  -0.87437410
0.83000000  -1.96171002  -0.87210914
0.84000000  -1.96603763  -0.86864045
0.85000000  -1.96762609  -0.86393284
0.86000000  -1.96647117  -0.85797506
0.87000000  -1.96255923  -0.85077977
0.88000000  -1.95586745  -0.84238382
0.89000000  -1.94636419  -0.83284863
0.90000000  -1.93400932  -0.82226091
0.91000000  -1.91875463  -0.81073347
0.92000000  -1.90054416  -0.79840628
0.93000000  -1.87931444  -0.78544771
0.94000000  -1.85499466  -0.77205587
0.95000000  -1.82750653  -0.75846022
0.96000000  -1.79676385  -0.74492323
0.97000000  -1.76267159  -0.73174227
0.98000000  -1.72512438  -0.71925159
0.99000000  -1.68400412  -0.70782454
1.00000000  -1.63917677  -0.69787592
1.01000000  -1.59048791  -0.68986445
1.02000000  -1.53775729  -0.68429504
1.03000000  -1.48077255  -0.68172010
1.04000000  -1.41928322  -0.68273822
1.05000000  -1.35299738  -0.68798587
1.06000000  -1.28158696  -0.69811368
1.07000000  -1.20471333  -0.71372961
1.08000000  -1.12209547  -0.73527710
1.09000000  -1.03365290  -0.76280312
1.10000000  -0.93974412  -0.79559049
1.11000000  -0.84143141  -0.83176306
1.12000000  -0.74052334  -0.86823433
1.13000000  -0.63914478  -0.90137021
1.14000000  -0.53906892  -0.92802475
1.15000000  -0.44137833  -0.94611014
1.16000000  -0.34657232  -0.95450688
1.17000000  -0.25482944  -0.95272787
1.18000000  -0.16621920  -0.94063986
1.19000000  -0.08082680  -0.91830107
1.20000000  0.00118552  -0.88588166
1.21000000  0.07955446  -0.84362828
1.22000000  0.15391296  -0.79184687
1.23000000  0.22379981  -0.73088910
1.24000000  0.28867647  -0.66113472
1.25000000  0.34794767  -0.58296665
1.26000000  0.40098298  -0.49673846
1.27000000  0.44713747  -0.40273630
1.28000000  0.48577127  -0.30113980
1.29000000  0.51627136  -0.19199068
1.30000000  0.53808785  -0.07518742
1.31000000  0.55081284  0.04945536
1.32000000  0.55435908  0.18200550
1.33000000  0.54931789  0.32195643
1.34000000  0.53749088  0.46750251
1.35000000  0.52219009  0.61506015
1.36000000  0.50750582  0.76009681
1.37000000  0.49674224  0.89903970
1.38000000  0.49160526  1.03022302
1.39000000  0.49253514  1.15340218
1.40000000  0.49929990  1.26898933
1.41000000  0.51138201  1.37758585
1.42000000  0.52816651  1.47977805
1.43000000  0.54902163  1.57606948
1.44000000  0.57333065  1.66687174
1.45000000  0.60050366  1.75251691
1.46000000  0.62998153  1.83327599
1.47000000  0.66123738  1.90937681
1.48000000  0.69377732  1.98101948
1.49000000  0.72714105  2.04838841
1.50000000  0.76090225  2.11166128
1.51000000  0.79466878  2.17101504
1.52000000  0.82808243  2.22662959
1.53000000  0.86081824  2.27868944
1.54000000  0.89258338  2.32738380
1.55000000  0.92311559  2.37290558
1.56000000  0.95218138  2.41544958
1.57000000  0.97957395  2.45521007
1.58000000  1.00511097  2.49237824
1.59000000  1.02863240  2.52713944
1.60000000  1.04999829  2.55967047
1.61000000  1.06908663  2.59013704
1.62000000  1.08579135  2.61869135
1.63000000  1.10002048  2.64546998
1.64000000  1.11169435  2.67059189
1.65000000  1.12074401  2.69415676
1.66000000  1.12710967  2.71624349
1.67000000  1.13073933  2.73690892
1.68000000  1.13158743  2.75618671
1.69000000  1.12961361  2.77408643
1.70000000  1.12478154  2.79059266
1.71000000  1.11705782  2.80566434
1.72000000  1.10641102  2.81923414
1.73000000  1.09281079  2.83120785
1.74000000  1.07622718  2.84146404
1.75000000  1.05663013  2.84985364
1.76000000  1.03398926  2.85619981
1.77000000  1.00827405  2.86029794
1.78000000  0.97945436  2.86191608
1.79000000  0.94750168  2.86079569
1.80000000  0.91239085  2.85665312
1.81000000  0.87410272  2.84918184
1.82000000  0.83262764  2.83805565
1.83000000  0.78796997  2.82293319
1.84000000  0.74015364  2.80346377
1.85000000  0.68922871  2.77929487
1.86000000  0.63527899  2.75008108
1.87000000  0.57843035  2.71549471
1.88000000  0.51885952  2.67523760
1.89000000  0.45680297  2.62905383
1.90000000  0.39256528  2.57674279
1.91000000  0.32652635  2.51817180
1.92000000  0.25914678  2.45328745
1.93000000  0.19097067  2.38212469
1.94000000  0.12262499  2.30481263
1.95000000  0.05481481  2.22157580
1.96000000  -0.01168621  2.13272970
1.97000000  -0.07605041  2.03866957
1.98000000  -0.13741544  1.93985151
1.99000000  -0.19490739  1.83676577
2.00000000  -0.24766556  1.72990285
2.01000000  -0.29486583  1.61971392
2.02000000  -0.33573898  1.50656786
2.03000000  -0.36958025  1.39070699
2.04000000  -0.39574656  1.27220264
2.05000000  -0.41363898  1.15090981
2.06000000  -0.42266817  1.02641703
2.07000000  -0.42220083  0.89798429
2.08000000  -0.41148459  0.76445815
2.09000000  -0.38955081  0.62415365
2.10000000  -0.35511076  0.47471051
2.11000000  -0.30653970  0.31303362
2.12000000  -0.24236121  0.13585654
2.13000000  -0.16354499  -0.05727654
2.14000000  -0.07859473  -0.25713509
2.15000000  -0.00180957  -0.44688744
2.16000000  0.06001047  -0.61955330
2.17000000  0.10716604  -0.77709082
2.18000000  0.14144479  -0.92297679
2.19000000  0.16446771  -1.06015359
2.20000000  0.17747911  -1.19083204
2.21000000  0.18141460  -1.31661997
2.22000000  0.17700064  -1.43866714
2.23000000  0.16483842  -1.55777552
2.24000000  0.14546678  -1.67447694
2.25000000  0.11940718  -1.78908854
2.26000000  0.08719367  -1.90175521
2.27000000  0.04939036  -2.01248516
2.28000000  0.00659802  -2.12118233
2.29000000  -0.04054821  -2.22767733
2.30000000  -0.09138799  -2.33175694
2.31000000  -0.14524930  -2.43319115
2.32000000  -0.20146396  -2.53175679
2.33000000  -0.25938297  -2.62725642
2.34000000  -0.31838980  -2.71953212
2.35000000  -0.37791092  -2.80847399
2.36000000  -0.43742294  -2.89402406
2.37000000  -0.49645652  -2.97617634
2.38000000  -0.55459766  -3.05497400
2.39000000  -0.61148667  -3.13050459
2.40000000  -0.66681565  -3.20289427
2.41000000  -0.72032485  -3.27230130
2.42000000  -0.77179844  -3.33890970
2.43000000  -0.82106000  -3.40292299
2.44000000  -0.86796783  -3.46455839
2.45000000  -0.91241054  -3.52404154
2.46000000  -0.95430266  -3.58160177
2.47000000  -0.99358058  -3.63746790
2.48000000  -1.03019879  -3.69186458
2.49000000  -1.06412625  -3.74500905
2.50000000  -1.09534317  -3.79710839
2.51000000  -1.12383784  -3.84835704
2.52000000  -1.14960375  -3.89893468
2.53000000  -1.17263675  -3.94900419
2.54000000  -1.19293235  -3.99870997
2.55000000  -1.21048321  -4.04817628
2.56000000  -1.22527659  -4.09750585
2.57000000  -1.23729223  -4.14677876
2.58000000  -1.24650044  -4.19605189
2.59000000  -1.25286088  -4.24535917
2.60000000  -1.25632230  -4.29471310
2.61000000  -1.25682344  -4.34410814
2.62000000  -1.25429561  -4.39352637
2.63000000  -1.24866702  -4.44294580
2.64000000  -1.23986862  -4.49235118
2.65000000  -1.22784097  -4.54174664
2.66000000  -1.21254085  -4.59116870
2.67000000  -1.19394633  -4.64069769
2.68000000  -1.17205870  -4.69046591
2.69000000  -1.14690042  -4.74066101
2.70000000  -1.11850900  -4.79152479
2.71000000  -1.08692719  -4.84334833
2.72000000  -1.05219098  -4.89646567
2.73000000  -1.01431632  -4.95124833
2.74000000  -0.97328555  -5.00810306
2.75000000  -0.92903369  -5.06747460
2.76000000  -0.88143386  -5.12985503
2.77000000  -0.83028058  -5.19580137
2.78000000  -0.77526835  -5.26596366
2.79000000  -0.71596211  -5.34112747
2.80000000  -0.65175408  -5.42227714
2.81000000  -0.58179905  -5.51069028
2.82000000  -0.50491688  -5.60807899
2.83000000  -0.41945296  -5.71679157
2.84000000  -0.32312127  -5.84004365
2.85000000  -0.21305609  -5.98187133
2.86000000  -0.08718783  -6.14526457
2.87000000  0.05004639  -6.32427717
2.88000000  0.18250014  -6.49678080
2.89000000  0.29911287  -6.64771123
2.90000000  0.40060223  -6.77822411
2.91000000  0.49003928  -6.89266278
2.92000000  0.56999747  -6.99466021
2.93000000  0.64235562  -7.08689100
2.94000000  0.70845372  -7.17130198
2.95000000  0.76924844  -7.24933695
2.96000000  0.82542548  -7.32209883
2.97000000  0.87747518  -7.39045911
2.98000000  0.92574308  -7.45513112
2.99000000  0.97046444  -7.51671906
3.00000000  1.01178894  -7.57575039
3.01000000  1.04979963  -7.63269644
3.02000000  1.08452888  -7.68798383
3.03000000  1.11597312  -7.74199890
3.04000000  1.14410705  -7.79508650
3.05000000  1.16889751  -7.84754530
3.06000000  1.19031614  -7.89962183
3.07000000  1.20834984  -7.95150553
3.08000000  1.22300759  -8.00332735
3.09000000  1.23432303  -8.05516308
3.10000000  1.24235263  -8.10704171
3.11000000  1.24717047  -8.15895748
3.12000000  1.24886093  -8.21088401
3.13000000  1.24751120  -8.26278798
3.14000000  1.24320460  -8.31464103
3.15000000  1.23601577  -8.36642886
3.16000000  1.22600780  -8.41815722
3.17000000  1.21323124  -8.46985537
3.18000000  1.19772452  -8.52157743
3.19000000  1.17951547  -8.57340232
3.20000000  1.15862346  -8.62543274
3.21000000  1.13506198  -8.67779364
3.22000000  1.10884143  -8.73063047
3.23000000  1.07997198  -8.78410714
3.24000000  1.04846655  -8.83840399
3.25000000  1.01434386  -8.89371556
3.26000000  0.97763153  -8.95024816
3.27000000  0.93836942  -9.00821725
3.28000000  0.89661302  -9.06784442
3.29000000  0.85243716  -9.12935408
3.30000000  0.80593987  -9.19296956
3.31000000  0.75724652  -9.25890882
3.32000000  0.70651408  -9.32737959
3.33000000  0.65393558  -9.39857407
3.34000000  0.59974445  -9.47266311
3.35000000  0.54421873  -9.54979021
3.36000000  0.48768473  -9.63006545
3.37000000  0.43051985  -9.71355979
3.38000000  0.37315411  -9.80030023
3.39000000  0.31606978  -9.89026655
3.40000000  0.25979874  -9.98339036
3.41000000  0.20491699  -10.07955748
3.42000000  0.15203626  -10.17861427
3.43000000  0.10179279  -10.28037862
3.44000000  0.05483408  -10.38465577
3.45000000  0.01180487  -10.49125866
3.46000000  -0.02666581  -10.60003217
3.47000000  -0.05997438  -10.71088019
3.48000000  -0.08754692  -10.82379485
3.49000000  -0.10883579  -10.93888778
3.50000000  -0.12330657  -11.05642438
3.51000000  -0.13041352  -11.17686425
3.52000000  -0.12956117  -11.30091278
3.53000000  -0.12004919  -11.42959215
3.54000000  -0.10099771  -11.56434106
3.55000000  -0.07125695  -11.70714713
3.56000000  -0.02934074  -11.86067114
3.57000000  0.02642341  -12.02812165
3.58000000  0.09680267  -12.21191018
3.59000000  0.17802502  -12.40885687
3.60000000  0.25794917  -12.60492809
3.61000000  0.32477707  -12.78665009
3.62000000  0.37574548  -12.95227515
3.63000000  0.41208112  -13.10483705
3.64000000  0.43544394  -13.24753850
3.65000000  0.44719423  -13.38287480
3.66000000  0.44836529  -13.51263972
3.67000000  0.43976014  -13.63806242
3.68000000  0.42205047  -13.75993001
3.69000000  0.39585538  -13.87867827
3.70000000  0.36179840  -13.99445881
3.71000000  0.32054468  -14.10719317
3.72000000  0.27282063  -14.21662148
3.73000000  0.21941776  -14.32234971
3.74000000  0.16118364  -14.42389688
3.75000000  0.09900325  -14.52074101
3.76000000  0.03377463  -14.61236164
3.77000000  -0.03361731  -14.69827668
3.78000000  -0.10232557  -14.77807164
3.79000000  -0.17156207  -14.85142046
3.80000000  -0.24061359  -14.91809792
3.81000000  -0.30885214  -14.97798431
3.82000000  -0.37574004  -15.03106344
3.83000000  -0.44083020  -15.07741539
3.84000000  -0.50376248  -15.11720532
3.85000000  -0.56425708  -15.15066974
3.86000000  -0.62210580  -15.17810148
3.87000000  -0.67716219  -15.19983452
3.88000000  -0.72933133  -15.21622965
3.89000000  -0.77855983  -15.22766144
3.90000000  -0.82482668  -15.23450714
3.91000000  -0.86813506  -15.23713761
3.92000000  -0.90850539  -15.23591020
3.93000000  -0.94596970  -15.23116345
3.94000000  -0.98056712  -15.22321348
3.95000000  -1.01234051  -15.21235161
3.96000000  -1.04133407  -15.19884299
3.97000000  -1.06759173  -15.18292609
3.98000000  -1.09115627  -15.16481262
3.99000000  -1.11206898  -15.14468789
4.00000000  -1.13036973  -15.12271135
4.01000000  -1.14609751  -15.09901723
4.02000000  -1.15929105  -15.07371525
4.03000000  -1.16998986  -15.04689131
4.04000000  -1.17823523  -15.01860817
4.05000000  -1.18407147  -14.98890611
4.06000000  -1.18754713  -14.95780355
4.07000000  -1.18871627  -14.92529772
4.08000000  -1.18763974  -14.89136533
4.09000000  -1.18438644  -14.85596324
4.10000000  -1.17903456  -14.81902925
4.11000000  -1.17167265  -14.78048296
4.12000000  -1.16240081  -14.74022666
4.13000000  -1.15133155  -14.69814638
4.14000000  -1.13859073  -14.65411300
4.15000000  -1.12431817  -14.60798347
4.16000000  -1.10866814  -14.55960211
4.17000000  -1.09180951  -14.50880210
4.18000000  -1.07392545  -14.45540710
4.19000000  -1.05521258  -14.39923319
4.20000000  -1.03587919  -14.34009126
4.21000000  -1.01614229  -14.27779027
4.22000000  -0.99622279  -14.21214189
4.23000000  -0.97633817  -14.14296734
4.24000000  -0.95669135  -14.07010798
4.25000000  -0.93745461  -13.99344128
4.26000000  -0.91874676  -13.91290452
4.27000000  -0.90060256  -13.82852830
4.28000000  -0.88293494  -13.74047977
4.29000000  -0.86549487  -13.64911107
4.30000000  -0.84783990  -13.55499984
4.31000000  -0.82932952  -13.45896044
4.32000000  -0.80916367  -13.36200517
4.33000000  -0.78646631  -13.26525343
4.34000000  -0.76039090  -13.16981658
4.35000000  -0.73021186  -13.07670224
4.36000000  -0.69537642  -12.98676670
4.37000000  -0.65551483  -12.90071442
4.38000000  -0.61042323  -12.81912402
4.39000000  -0.56003518  -12.74247944
4.40000000  -0.50439272  -12.67119310
4.41000000  -0.44362223  -12.60561575
4.42000000  -0.37791688  -12.54603216
4.43000000  -0.30752686  -12.49264360
4.44000000  -0.23275860  -12.44553756
4.45000000  -0.15398422  -12.40464541
4.46000000  -0.07166239  -12.36968948
4.47000000  0.01363199  -12.34012560
4.48000000  0.10117737  -12.31509585
4.49000000  0.19009124  -12.29341751
4.50000000  0.27935285  -12.27363884
4.51000000  0.36787357  -12.25417423
4.52000000  0.45459952  -12.23349055
4.53000000  0.53860760  -12.21028077
4.54000000  0.61916010  -12.18356747
4.55000000  0.69570992  -12.15272165
4.56000000  0.76787300  -12.11742125
4.57000000  0.83538951  -12.07758394
4.58000000  0.89808852  -12.03329897
4.59000000  0.95586208  -11.98476988
4.60000000  1.00864867  -11.93227061
4.61000000  1.05642434  -11.87611426
4.62000000  1.09919914  -11.81663220
4.63000000  1.13701738  -11.75416195
4.64000000  1.16996028  -11.68904234
4.65000000  1.19815056  -11.62161488
4.66000000  1.22175807  -11.55223036
4.67000000  1.24100541  -11.48125855
4.68000000  1.25617166  -11.40909836
4.69000000  1.26759129  -11.33618383
4.70000000  1.27564548  -11.26298159
4.71000000  1.28074374  -11.18997610
4.72000000  1.28329746  -11.11764402
4.73000000  1.28369039  -11.04642323
4.74000000  1.28225308  -10.97668551
4.75000000  1.27924694  -10.90872011
4.76000000  1.27485975  -10.84273081
4.77000000  1.26921064  -10.77884401
4.78000000  1.26236067  -10.71712353
4.79000000  1.25432544  -10.65758737
4.80000000  1.24508711  -10.60022350
4.81000000  1.23460443  -10.54500327
4.82000000  1.22282068  -10.49189195
4.83000000  1.20966926  -10.44085672
4.84000000  1.19507764  -10.39187259
4.85000000  1.17896979  -10.34492679
4.86000000  1.16126755  -10.30002197
4.87000000  1.14189126  -10.25717877
4.88000000  1.12075983  -10.21643787
4.89000000  1.09779045  -10.17786174
4.90000000  1.07289815  -10.14153636
4.91000000  1.04599514  -10.10757281
4.92000000  1.01699034  -10.07610885
4.93000000  0.98578892  -10.04731047
4.94000000  0.95229216  -10.02137339
4.95000000  0.91639758  -9.99852427
4.96000000  0.87799974  -9.97902162
4.97000000  0.83699163  -9.96315601
4.98000000  0.79326693  -9.95124948
4.99000000  0.74672349  -9.94365355
5.00000000  0.69726799  -9.94074567
