0.00000000  1.98205286  0.12666858
0.01000000  1.98046413  0.12601619
0.02000000  1.97569810  0.12407123
0.03000000  1.96775404  0.12087751
0.04000000  1.95663089  0.11650826
0.05000000  1.94232752  0.11106636
0.06000000  1.92484298  0.10468470
0.07000000  1.90417679  0.09752659
0.08000000  1.88032909  0.08978606
0.09000000  1.85330068  0.08168824
0.10000000  1.82309269  0.07348960
0.11000000  1.78970590  0.06547808
0.12000000  1.75313955  0.05797321
0.13000000  1.71338929  0.05132616
0.14000000  1.67044440  0.04591997
0.15000000  1.62428374  0.04217008
0.16000000  1.57487048  0.04052557
0.17000000  1.52214500  0.04147164
0.18000000  1.46601583  0.04553392
0.19000000  1.40634792  0.05328562
0.20000000  1.34294753  0.06535869
0.21000000  1.27554291  0.08246036
0.22000000  1.20375962  0.10539641
0.23000000  1.12709018  0.13510141
0.24000000  1.04486033  0.17267147
0.25000000  0.95620450  0.21938034
0.26000000  0.86009390  0.27661425
0.27000000  0.75554506  0.34554182
0.28000000  0.64229844  0.42610845
0.29000000  0.52221770  0.51501321
0.30000000  0.40021626  0.60439936
0.31000000  0.28180601  0.68542530
0.32000000  0.16965529  0.75331305
0.33000000  0.06387425  0.80706313
0.34000000  -0.03637539  0.84719922
0.35000000  -0.13204219  0.87457840
0.36000000  -0.22391220  0.89000933
0.37000000  -0.31254826  0.89417933
0.38000000  -0.39829471  0.88767793
0.39000000  -0.48129900  0.87104285
0.40000000  -0.56153613  0.84480338
0.41000000  -0.63883350  0.80951319
0.42000000  -0.71289637  0.76576994
0.43000000  -0.78333479  0.71422139
0.44000000  -0.84969180  0.65555910
0.45000000  -0.91147192  0.59050138
0.46000000  -0.96816834  0.51976839
0.47000000  -1.01928673  0.44405228
0.48000000  -1.06436370  0.36398527
0.49000000  -1.10297830  0.28010848
0.50000000  -1.13475548  0.19284284
0.51000000  -1.15936126  0.10246283
0.52000000  -1.17648961  0.00907253
0.53000000  -1.18584211  -0.08741744
0.54000000  -1.18710181  -0.18731320
0.55000000  -1.17990487  -0.29116051
0.56000000  -1.16381960  -0.39975830
0.57000000  -1.13835831  -0.51413197
0.58000000  -1.10308905  -0.63537770
0.59000000  -1.05799369  -0.76417544
0.60000000  -1.00425657  -0.89970419
0.61000000  -0.94518891  -1.03833192
0.62000000  -0.88570559  -1.17422784
0.63000000  -0.82977216  -1.30272559
0.64000000  -0.77900359  -1.42215653
0.65000000  -0.73342890  -1.53281091
0.66000000  -0.69246195  -1.63566161
0.67000000  -0.65537978  -1.73175737
0.68000000  -0.62149385  -1.82202125
0.69000000  -0.59019575  -1.90720937
0.70000000  -0.56095875  -1.98792221
0.71000000  -0.53332635  -2.06462863
0.72000000  -0.50689866  -2.13768969
0.73000000  -0.48132035  -2.20737836
0.74000000  -0.45627077  -2.27389519
0.75000000  -0.43145640  -2.33738035
0.76000000  -0.40660518  -2.39792315
0.77000000  -0.38146268  -2.45556980
0.78000000  -0.35578992  -2.51033026
0.79000000  -0.32936274  -2.56218502
0.80000000  -0.30197287  -2.61109232
0.81000000  -0.27343080  -2.65699675
0.82000000  -0.24357052  -2.69983961
0.83000000  -0.21225614  -2.73957142
0.84000000  -0.17939010  -2.77616675
0.85000000  -0.14492265  -2.80964063
0.86000000  -0.10886131  -2.84006556
0.87000000  -0.07127928  -2.86758709
0.88000000  -0.03232101  -2.89243561
0.89000000  0.00779666  -2.91493192
0.90000000  0.04878882  -2.93548444
0.91000000  0.09031288  -2.95457729
0.92000000  0.13198426  -2.97274987
0.93000000  0.17339609  -2.99057006
0.94000000  0.21414066  -3.00860437
0.95000000  0.25383023  -3.02738879
0.96000000  0.29211523  -3.04740386
0.97000000  0.32869787  -3.06905650
0.98000000  0.36334067  -3.09267004
0.99000000  0.39586955  -3.11848228
1.00000000  0.42617229  -3.14665057
1.01000000  0.45419348  -3.17726195
1.02000000  0.47992721  -3.21034624
1.03000000  0.50340879  -3.24589013
1.04000000  0.52470666  -3.28385068
1.05000000  0.54391498  -3.32416741
1.06000000  0.56114750  -3.36677218
1.07000000  0.57653272  -3.41159713
1.08000000  0.59021039  -3.45858058
1.09000000  0.60232915  -3.50767124
1.10000000  0.61304514  -3.55883126
1.11000000  0.62252148  -3.61203828
1.12000000  0.63092822  -3.66728689
1.13000000  0.63844295  -3.72458986
1.14000000  0.64525168  -3.78397924
1.15000000  0.65155012  -3.84550770
1.16000000  0.65754526  -3.90925025
1.17000000  0.66345725  -3.97530657
1.18000000  0.66952169  -4.04380414
1.19000000  0.67599236  -4.11490242
1.20000000  0.68314450  -4.18879850
1.21000000  0.69127873  -4.26573421
1.22000000  0.70072564  -4.34600528
1.23000000  0.71185082  -4.42997231
1.24000000  0.72505952  -4.51807314
1.25000000  0.74079864  -4.61083401
1.26000000  0.75955031  -4.70887289
1.27000000  0.78180354  -4.81287810
1.28000000  0.80797455  -4.92352376
1.29000000  0.83822029  -5.04124698
1.30000000  0.87207505  -5.16578787
1.31000000  0.90794751  -5.29552908
1.32000000  0.94291242  -5.42720134
1.33000000  0.97348291  -5.55686579
1.34000000  0.99696604  -5.68164042
1.35000000  1.01201163  -5.80033456
1.36000000  1.01824322  -5.91289010
1.37000000  1.01576195  -6.01969379
1.38000000  1.00485400  -6.12118062
1.39000000  0.98586451  -6.21766463
1.40000000  0.95915552  -6.30928421
1.41000000  0.92509844  -6.39599726
1.42000000  0.88407731  -6.47759686
1.43000000  0.83649188  -6.55373574
1.44000000  0.78275609  -6.62395444
1.45000000  0.72329022  -6.68771072
1.46000000  0.65850665  -6.74440821
1.47000000  0.58879018  -6.79342219
1.48000000  0.51447432  -6.83412015
1.49000000  0.43581542  -6.86587535
1.50000000  0.35296657  -6.88807243
1.51000000  0.26595418  -6.90010687
1.52000000  0.17466212  -6.90138491
1.53000000  0.07883518  -6.89134210
1.54000000  -0.02187000  -6.86952303
1.55000000  -0.12772492  -6.83581260
1.56000000  -0.23855515  -6.79096624
1.57000000  -0.35310386  -6.73749644
1.58000000  -0.46854015  -6.68031084
1.59000000  -0.58114668  -6.62560977
1.60000000  -0.68808008  -6.57822548
1.61000000  -0.78818807  -6.54035310
1.62000000  -0.88147738  -6.51229169
1.63000000  -0.96841704  -6.49347008
1.64000000  -1.04955911  -6.48302840
1.65000000  -1.12539237  -6.48006248
1.66000000  -1.19630370  -6.48370881
1.67000000  -1.26258098  -6.49316622
1.68000000  -1.32442947  -6.50769569
1.69000000  -1.38199066  -6.52661459
1.70000000  -1.43535963  -6.54929125
1.71000000  -1.48459969  -6.57514130
1.72000000  -1.52975420  -6.60362578
1.73000000  -1.57085565  -6.63425065
1.74000000  -1.60793228  -6.66656688
1.75000000  -1.64101262  -6.70017090
1.76000000  -1.67012818  -6.73470490
1.77000000  -1.69531470  -6.76985683
1.78000000  -1.71661220  -6.80536007
1.79000000  -1.73406408  -6.84099273
1.80000000  -1.74771562  -6.87657668
1.81000000  -1.75761186  -6.91197649
1.82000000  -1.76379529  -6.94709819
1.83000000  -1.76630327  -6.98188829
1.84000000  -1.76516533  -7.01633287
1.85000000  -1.76040038  -7.05045707
1.86000000  -1.75201389  -7.08432480
1.87000000  -1.73999507  -7.11803896
1.88000000  -1.72431403  -7.15174178
1.89000000  -1.70491909  -7.18561535
1.90000000  -1.68173453  -7.21988170
1.91000000  -1.65465914  -7.25480162
1.92000000  -1.62356690  -7.29067050
1.93000000  -1.58831135  -7.32780837
1.94000000  -1.54873727  -7.36653902
1.95000000  -1.50470435  -7.40715097
1.96000000  -1.45612957  -7.44983077
1.97000000  -1.40305193  -7.49456294
1.98000000  -1.34571243  -7.54100710
1.99000000  -1.28461669  -7.58839931
2.00000000  -1.22052456  -7.63555886
2.01000000  -1.15433076  -7.68105417
2.02000000  -1.08688113  -7.72346710
2.03000000  -1.01882801  -7.76160872
2.04000000  -0.95058632  -7.79459605
2.05000000  -0.88237053  -7.82181546
2.06000000  -0.81426156  -7.84284326
2.07000000  -0.74626972  -7.85737200
2.08000000  -0.67838266  -7.86515885
2.09000000  -0.61059878  -7.86599590
2.10000000  -0.54295029  -7.85969681
2.11000000  -0.47551940  -7.84609447
2.12000000  -0.40845005  -7.82504548
2.13000000  -0.34195642  -7.79643807
2.14000000  -0.27632852  -7.76020127
2.15000000  -0.21193493  -7.71631293
2.16000000  -0.14922220  -7.66480466
2.17000000  -0.08871087  -7.60576204
2.18000000  -0.03098800  -7.53931841
2.19000000  0.02330315  -7.46564124
2.20000000  0.07347527  -7.38491046
2.21000000  0.11880928  -7.29728876
2.22000000  0.15856497  -7.20288427
2.23000000  0.19198805  -7.10170705
2.24000000  0.21831341  -6.99362137
2.25000000  0.23676716  -6.87829977
2.26000000  0.24657968  -6.75519416
2.27000000  0.24704321  -6.62356701
2.28000000  0.23769823  -6.48269245
2.29000000  0.21881513  -6.33245551
2.30000000  0.19231744  -6.17457228
2.31000000  0.16260367  -6.01375852
2.32000000  0.13546723  -5.85646881
2.33000000  0.11522098  -5.70730771
2.34000000  0.10359181  -5.56775581
2.35000000  0.10067808  -5.43749506
2.36000000  0.10591933  -5.31565496
2.37000000  0.11855693  -5.20136559
2.38000000  0.13780218  -5.09392904
2.39000000  0.16288648  -4.99284205
2.40000000  0.19307090  -4.89776938
2.41000000  0.22764489  -4.80850494
2.42000000  0.26592440  -4.72493338
2.43000000  0.30725232  -4.64699632
2.44000000  0.35100127  -4.57466421
2.45000000  0.39657794  -4.50791387
2.46000000  0.44342779  -4.44671174
2.47000000  0.49103936  -4.39100205
2.48000000  0.53894734  -4.34069975
2.49000000  0.58673423  -4.29568731
2.50000000  0.63403039  -4.25581460
2.51000000  0.68051259  -4.22090135
2.52000000  0.72590140  -4.19074105
2.53000000  0.76995759  -4.16510606
2.54000000  0.81247804  -4.14375297
2.55000000  0.85329129  -4.12642811
2.56000000  0.89225320  -4.11287267
2.57000000  0.92924270  -4.10282742
2.58000000  0.96415805  -4.09603678
2.59000000  0.99691336  -4.09225233
2.60000000  1.02743584  -4.09123574
2.61000000  1.05566337  -4.09276117
2.62000000  1.08154277  -4.09661726
2.63000000  1.10502837  -4.10260866
2.64000000  1.12608123  -4.11055739
2.65000000  1.14466851  -4.12030383
2.66000000  1.16076341  -4.13170762
2.67000000  1.17434518  -4.14464829
2.68000000  1.18539949  -4.15902582
2.69000000  1.19391883  -4.17476099
2.70000000  1.19990312  -4.19179564
2.71000000  1.20336034  -4.21009274
2.72000000  1.20430715  -4.22963629
2.73000000  1.20276955  -4.25043113
2.74000000  1.19878354  -4.27250248
2.75000000  1.19239565  -4.29589537
2.76000000  1.18366355  -4.32067393
2.77000000  1.17265651  -4.34692043
2.78000000  1.15945586  -4.37473422
2.79000000  1.14415544  -4.40423046
2.80000000  1.12686192  -4.43553874
2.81000000  1.10769507  -4.46880147
2.82000000  1.08678798  -4.50417216
2.83000000  1.06428711  -4.54181346
2.84000000  1.04035212  -4.58189508
2.85000000  1.01515547  -4.62459142
2.86000000  0.98888158  -4.67007901
2.87000000  0.96172546  -4.71853350
2.88000000  0.93389048  -4.77012627
2.89000000  0.90558516  -4.82502019
2.90000000  0.87701836  -4.88336438
2.91000000  0.84839259  -4.94528735
2.92000000  0.81989474  -5.01088775
2.93000000  0.79168353  -5.08022204
2.94000000  0.76387332  -5.15328800
2.95000000  0.73651393  -5.23000361
2.96000000  0.70956759  -5.31018196
2.97000000  0.68288583  -5.39350480
2.98000000  0.65619161  -5.47950090
2.99000000  0.62907467  -5.56753819
3.00000000  0.60100775  -5.65683913
3.01000000  0.57138663  -5.74652300
3.02000000  0.53958820  -5.83566863
3.03000000  0.50503226  -5.92338073
3.04000000  0.46723173  -6.00884248
3.05000000  0.42582192  -6.09134468
3.06000000  0.38056896  -6.17029327
3.07000000  0.33136304  -6.24520353
3.08000000  0.27820404  -6.31569012
3.09000000  0.22118511  -6.38145972
3.10000000  0.16047812  -6.44230926
3.11000000  0.09632272  -6.49813093
3.12000000  0.02902006  -6.54892299
3.13000000  -0.04106880  -6.59480510
3.14000000  -0.11352047  -6.63603524
3.15000000  -0.18784484  -6.67302429
3.16000000  -0.26348218  -6.70634229
3.17000000  -0.33980652  -6.73670926
3.18000000  -0.41613991  -6.76496457
3.19000000  -0.49177958  -6.79201343
3.20000000  -0.56603473  -6.81875748
3.21000000  -0.63826508  -6.84602365
3.22000000  -0.70791168  -6.87450730
3.23000000  -0.77451386  -6.90474022
3.24000000  -0.83771176  -6.93708453
3.25000000  -0.89723822  -6.97174662
3.26000000  -0.95290514  -7.00880227
3.27000000  -1.00458882  -7.04822533
3.28000000  -1.05221669  -7.08991511
3.29000000  -1.09575662  -7.13371967
3.30000000  -1.13520888  -7.17945450
3.31000000  -1.17060031  -7.22691639
3.32000000  -1.20198037  -7.27589328
3.33000000  -1.22941843  -7.32617045
3.34000000  -1.25300211  -7.37753396
3.35000000  -1.27283615  -7.42977167
3.36000000  -1.28904161  -7.48267283
3.37000000  -1.30175498  -7.53602673
3.38000000  -1.31112686  -7.58962118
3.39000000  -1.31731981  -7.64324172
3.40000000  -1.32050502  -7.69667204
3.41000000  -1.32085781  -7.74969611
3.42000000  -1.31855211  -7.80210164
3.43000000  -1.31375458  -7.85368454
3.44000000  -1.30661903  -7.90425327
3.45000000  -1.29728193  -7.95363220
3.46000000  -1.28585955  -8.00166323
3.47000000  -1.27244679  -8.04820563
3.48000000  -1.25711750  -8.09313392
3.49000000  -1.23992596  -8.13633470
3.50000000  -1.22090906  -8.17770257
3.51000000  -1.20008864  -8.21713587
3.52000000  -1.17747394  -8.25453252
3.53000000  -1.15306380  -8.28978619
3.54000000  -1.12684858  -8.32278285
3.55000000  -1.09881189  -8.35339788
3.56000000  -1.06893216  -8.38149348
3.57000000  -1.03718401  -8.40691669
3.58000000  -1.00353976  -8.42949771
3.59000000  -0.96797095  -8.44904872
3.60000000  -0.93045015  -8.46536320
3.61000000  -0.89095310  -8.47821578
3.62000000  -0.84946132  -8.48736282
3.63000000  -0.80596532  -8.49254377
3.64000000  -0.76046842  -8.49348360
3.65000000  -0.71299142  -8.48989630
3.66000000  -0.66357799  -8.48148980
3.67000000  -0.61230081  -8.46797221
3.68000000  -0.55926843  -8.44905965
3.69000000  -0.50463253  -8.42448529
3.70000000  -0.44859521  -8.39400953
3.71000000  -0.39141604  -8.35743081
3.72000000  -0.33341800  -8.31459612
3.73000000  -0.27499179  -8.26541061
3.74000000  -0.21659786  -8.20984487
3.75000000  -0.15876529  -8.14793884
3.76000000  -0.10208732  -8.07980103
3.77000000  -0.04721334  -8.00560215
3.78000000  0.00516232  -7.92556218
3.79000000  0.05431390  -7.83993082
3.80000000  0.09949832  -7.74896112
3.81000000  0.13996808  -7.65287702
3.82000000  0.17498020  -7.55183520
3.83000000  0.20379868  -7.44588156
3.84000000  0.22568778  -7.33490187
3.85000000  0.23989398  -7.21856516
3.86000000  0.24561570  -7.09625779
3.87000000  0.24196448  -6.96700942
3.88000000  0.22793616  -6.82942894
3.89000000  0.20246005  -6.68173152
3.90000000  0.16474168  -6.52213737
3.91000000  0.11542671  -6.35036325
3.92000000  0.05896808  -6.17079520
3.93000000  0.00426130  -5.99350264
3.94000000  -0.04104371  -5.82692385
3.95000000  -0.07443887  -5.67300168
3.96000000  -0.09625520  -5.53036872
3.97000000  -0.10755078  -5.39708209
3.98000000  -0.10941031  -5.27147336
3.99000000  -0.10279612  -5.15229403
4.00000000  -0.08855281  -5.03867618
4.01000000  -0.06744433  -4.93005941
4.02000000  -0.04018918  -4.82612215
4.03000000  -0.00748565  -4.72672356
4.04000000  0.02997374  -4.63185500
4.05000000  0.07149694  -4.54159852
4.06000000  0.11639425  -4.45609119
4.07000000  0.16398503  -4.37549445
4.08000000  0.21360711  -4.29996858
4.09000000  0.26462721  -4.22965235
4.10000000  0.31645062  -4.16464794
4.11000000  0.36852926  -4.10501111
4.12000000  0.42036739  -4.05074607
4.13000000  0.47152477  -4.00180459
4.14000000  0.52161748  -3.95808841
4.15000000  0.57031644  -3.91945422
4.16000000  0.61734439  -3.88572031
4.17000000  0.66247155  -3.85667418
4.18000000  0.70551059  -3.83208044
4.19000000  0.74631128  -3.81168849
4.20000000  0.78475509  -3.79523969
4.21000000  0.82075015  -3.78247376
4.22000000  0.85422661  -3.77313430
4.23000000  0.88513256  -3.76697341
4.24000000  0.91343061  -3.76375551
4.25000000  0.93909506  -3.76326024
4.26000000  0.96210962  -3.76528487
4.27000000  0.98246578  -3.76964600
4.28000000  1.00016160  -3.77618084
4.29000000  1.01520095  -3.78474811
4.30000000  1.02759310  -3.79522858
4.31000000  1.03735267  -3.80752542
4.32000000  1.04449976  -3.82156432
4.33000000  1.04906037  -3.83729342
4.34000000  1.05106692  -3.85468306
4.35000000  1.05055894  -3.87372545
4.36000000  1.04758387  -3.89443408
4.37000000  1.04219794  -3.91684311
4.38000000  1.03446712  -3.94100645
4.39000000  1.02446818  -3.96699686
4.40000000  1.01228981  -3.99490476
4.41000000  0.99803374  -4.02483692
4.42000000  0.98181605  -4.05691509
4.43000000  0.96376837  -4.09127441
4.44000000  0.94403929  -4.12806182
4.45000000  0.92279569  -4.16743441
4.46000000  0.90022409  -4.20955785
4.47000000  0.87653198  -4.25460493
4.48000000  0.85194905  -4.30275434
4.49000000  0.82672830  -4.35418988
4.50000000  0.80114691  -4.40910019
4.51000000  0.77550677  -4.46767916
4.52000000  0.75013471  -4.53012720
4.53000000  0.72538198  -4.59665339
4.54000000  0.70162292  -4.66747851
4.55000000  0.67925228  -4.74283843
4.56000000  0.65867997  -4.82298691
4.57000000  0.64032165  -4.90819557
4.58000000  0.62458145  -4.99874641
4.59000000  0.61182033  -5.09490860
4.60000000  0.60229963  -5.19688468
4.61000000  0.59608483  -5.30470537
4.62000000  0.59289808  -5.41805368
4.63000000  0.59193753  -5.53603528
4.64000000  0.59175703  -5.65700998
4.65000000  0.59037493  -5.77870022
4.66000000  0.58568479  -5.89867355
4.67000000  0.57594458  -6.01491469
4.68000000  0.56002442  -6.12608516
4.69000000  0.53736597  -6.23142676
4.70000000  0.50781959  -6.33053223
4.71000000  0.47149125  -6.42315074
4.72000000  0.42863729  -6.50907054
4.73000000  0.37959904  -6.58806421
4.74000000  0.32476223  -6.65987282
4.75000000  0.26452928  -6.72421169
4.76000000  0.19929874  -6.78078707
4.77000000  0.12944927  -6.82931798
4.78000000  0.05532887  -6.86956124
4.79000000  -0.02274826  -6.90134114
4.80000000  -0.10449257  -6.92458826
4.81000000  -0.18961118  -6.93939625
4.82000000  -0.27775295  -6.94610705
4.83000000  -0.36842204  -6.94543057
4.84000000  -0.46087133  -6.93858038
4.85000000  -0.55402357  -6.92735469
4.86000000  -0.64650531  -6.91404001
4.87000000  -0.73684708  -6.90106584
4.88000000  -0.82376831  -6.89053953
4.89000000  -0.90637101  -6.88392820
4.90000000  -0.98415695  -6.88201727
4.91000000  -1.05692971  -6.88505457
4.92000000  -1.12467621  -6.89293580
4.93000000  -1.18747629  -6.90535465
4.94000000  -1.24544712  -6.92190318
4.95000000  -1.29871371  -6.94213305
4.96000000  -1.34739553  -6.96559125
4.97000000  -1.39160176  -6.99184062
4.98000000  -1.43143075  -7.02047153
4.99000000  -1.46697109  -7.05110865
5.00000000  -1.49830312  -7.08341467
